[0;1;37;97;47mt%%SSXX@@@8@88[0;37;5;47;107m8[0;1;37;97;47m8[0;37;5;47;107m88[0;1;37;97;47m8[0;37;5;47;107m888[0;1;37;97;47m8[0;37;5;47;107m8888[0;1;37;97;47m8[0;37;5;47;107m888[0;1;37;97;47m8[0;37;5;47;107m8[0;1;37;97;47m88888@@XXXXSS%%S[0;1;30;90;47mt[0m
[0;1;37;97;47m%SSXXX@@88[0;37;5;47;107m8888[0;1;37;97;47m8[0;37;5;47;107m8888888888888888888[0;1;37;97;47m8[0;37;5;47;107m8[0;1;37;97;47m8[0;37;5;47;107m8[0;1;37;97;47m@@8@@XXXSSX[0;1;33;93;47mS[0m
[0;1;37;97;47mXX@@88[0;37;5;47;107m8888888888@@88@@@@@@@@@8888888888[0;1;37;97;47m8[0;37;5;47;107m8[0;1;37;97;47m88@@@XXX [0m
[0;1;37;97;47mX@88[0;37;5;47;107m8[0;1;37;97;5;43;103m8[0;37;5;47;107m888[0;1;33;93;5;47;107m8[0;37;5;47;107m888[0;1;33;93;5;47;107m8[0;37;5;47;107m8@@XXXXSXXXXXXSXXX@@@[0;1;33;93;5;47;107m8[0;37;5;47;107m88[0;1;33;93;5;47;107m8[0;37;5;47;107m88[0;1;33;93;5;47;107m8[0;1;37;97;47mt[0;37;5;47;107m88[0;37;5;43;103m8[0;37;5;47;107m8[0;1;37;97;47m%[0;37;5;47;107m8[0;1;33;93;47mS[0m
[0;1;37;97;47m88[0;37;5;47;107m8[0;37;5;43;103m8[0;37;5;47;107m8888888888@XXX[0;1;33;93;5;47;107m8[0;37;5;47;107m8%S%S%SS[0;1;33;93;5;47;107m8[0;37;5;47;107m8XXX[0;1;33;93;5;47;107m8[0;37;5;47;107m8888888888[0;1;33;93;5;47;107m8[0;37;5;47;107m8888[0;1;37;97;47mt;[0m
[0;1;37;97;47m8[0;37;5;47;107m888888[0;1;33;93;5;47;107m8[0;37;5;47;107m888[0;1;33;93;5;47;107m8[0;37;5;47;107m8@SX[0;37;5;43;103m8[0;1;37;97;47m [0;1;30;90;47mX[0;33;47m8[0;1;30;90;43m888888[0;33;47m8[0;1;30;90;47m8[0;1;33;93;47m%[0;1;37;97;47m;[0;37;5;47;107m8@@X@@@888888888[0;1;37;97;47m:[0;1;33;93;5;47;107m8[0;37;5;47;107m8[0;1;37;97;47m;[0m
[0;37;5;47;107m888888888@@8%8[0;1;33;93;47m8[0;1;30;90;41m8X[0;30;41m8[0;31;40m88[0;30;41m8[0;31;40m8[0;30;41m8[0;31;40m8[0;30;41m8[0;31;40m8@@8[0;30;41m8[0;33;41mS[0;1;30;90;43m8[0;1;37;97;47m [0;37;5;47;107m8%SXXX[0;1;33;93;5;47;107m8[0;37;5;47;107m8888888888[0m
[0;37;5;47;107m8888[0;1;33;93;5;47;107m8[0;37;5;47;107m88@XS8[0;1;33;93;47mX[0;1;30;90;43m8[0;35;41mt[0;31;40m8X:;;[0;34;40mt%%%%%%[0;31;40mt[0;34;40mt[0;31;40mt;;@[0;30;41m8[0;33;41mX[0;33;5;40;100m%[0;1;37;97;47m.[0;37;5;47;107m@S@8@@[0;1;33;93;5;47;107m8[0;37;5;47;107m88[0;1;33;93;5;47;107m8[0;37;5;47;107m8888[0m
[0;37;5;47;107m88@88@XS[0;1;37;97;47mX[0;1;31;91;43m8[0;1;30;90;41mS[0;31;40m88[0;34;40m%[0;31;40mS[0;1;30;90;40m@@[0;34;40mt[0;32;40m;[0;31;40mt[0;32;40mt[0;31;40m%[0;32;40mt[0;31;40mt[0;32;40mt[0;31;40mt[0;34;40mt[0;31;40m;[0;32;40m;[0;34;40m;[0;31;40m;[0;34;40m;[0;32;40m:[0;31;40mt8[0;30;41m8[0;33;41mS[0;1;30;90;43m8[0;37;5;47;107m8SX@888888[0;1;33;93;5;47;107m8[0;37;5;47;107m8[0m
[0;37;5;47;107m@XXXXS8[0;1;31;91;43m8[0;1;30;90;41m@[0;31;40mS[0;1;30;90;40mS[0;34;40mt[0;1;30;90;40m@@888[0;31;40mt[0;34;40m;[0;32;40m;[0;31;40mt[0;34;40m%[0;31;40m;[0;34;40m%[0;31;40mt[0;34;40mt[0;32;40mt[0;34;40mt[0;31;40mt[0;34;40m;[0;32;40mt[0;31;40mt[0;34;40mt[0;31;40m;[0;32;40m;[0;34;40m;[0;31;40m%8[0;30;41m@[0;1;30;90;47m8[0;37;5;47;107m8SXX88[0;1;33;93;5;47;107m8[0;37;5;47;107m888[0m
[0;37;5;47;107m@XSX%8[0;33;41m8[0;31;40m8[0;32;40mt[0;31;40m%[0;34;40mt[0;1;30;90;40m8[0;31;40mX[0;1;30;90;40m8@@8S[0;31;40m:[0;34;40m;[0;32;40mt[0;1;30;90;40m@XXXSXXXXX[0;34;40mt[0;31;40mt[0;34;40mt[0;31;40m;[0;32;40m;[0;34;40mS[0;1;30;90;40m@[0;31;40mSX[0;1;30;90;43m8[0;37;5;47;107m8SSX88888[0m
[0;37;5;47;107mXSX%[0;1;37;97;47m8[0;31;43m8[0;31;40m8%[0;34;40m%[0;1;30;90;40m@@@8@@@8[0;31;40mt[0;32;40m;[0;31;40mt[0;34;40m%[0;1;30;90;40mXSS[0;34;40mt[0;1;30;90;40m@S%S[0;34;40mt[0;1;30;90;40mX[0;32;40m;[0;31;40mt[0;32;40mt[0;34;40m%[0;31;40m%[0;32;40mt[0;31;40mt[0;1;30;90;40mX[0;31;40mt@[0;33;5;40;100mt[0;37;5;47;107m8XSX888@[0m
[0;37;5;47;107mXX%[0;1;37;97;47m8[0;31;43m8[0;35;5;40;100m:[0;1;30;90;47mS@[0;31;5;40;100m8[0;32;40m;[0;1;30;90;40mX[0;31;40mS[0;1;30;90;40m8@X88X[0;34;40m:[0;31;40m;t[0;1;30;90;40mX[0;34;40mt[0;1;30;90;40m8[0;31;40m%[0;32;40mS[0;1;30;90;40mX[0;34;40mt[0;1;30;90;40mX[0;31;40mt[0;31;5;40;100mX[0;33;5;40;100m%[0;33;47mX[0;1;30;90;47m8[0;30;41m8[0;1;30;90;40mX@[0;34;40m;[0;31;40mt[0;1;30;90;40m@[0;31;40m%X[0;31;5;40;100m8[0;37;5;47;107m8SXSSXX[0m
[0;37;5;47;107mSX;[0;37;43m8[0;35;5;40;100m%[0;1;37;97;47mS[0;37;5;47;107m88[0;33;5;40;100m:[0;31;40mt[0;1;30;90;40m88@@@@8[0;31;40m%[0;34;40m;[0;32;40mt[0;34;40m;[0;31;40m;[0;32;40mt[0;31;40mt[0;1;30;90;40m@[0;34;40m%[0;31;40m%[0;1;30;90;40mX[0;32;40mt[0;1;30;90;40mS[0;33;5;40;100mt[0;33;47m8[0;1;31;91;47mX[0;33;47m8[0;1;30;90;41mX[0;34;40m;[0;30;5;40;100m@[0;1;30;90;40mX[0;31;40m;[0;32;40mt[0;34;40m%[0;31;40mS%[0;1;30;90;43m8[0;37;5;47;107mtXS[0;1;33;93;5;47;107m8[0;37;5;47;107m8X[0m
[0;37;5;47;107mX%[0;1;37;97;47m8[0;31;43m8[0;1;37;97;47m [0;37;5;47;107m88[0;1;37;97;47m;[0;33;5;40;100mS[0;31;40m%[0;1;30;90;40m8@@@@8[0;30;5;40;100m8[0;1;30;90;40m8[0;32;40m:[0;31;40mt[0;34;40mt[0;1;30;90;40mXS[0;34;40m%[0;1;30;90;40mXXX[0;34;40m%[0;1;30;90;40m@[0;31;40mt[0;31;5;40;100m8[0;1;30;90;43m8[0;1;31;91;47m8[0;1;30;90;43m8[0;35;5;40;100m.[0;1;30;90;41m8[0;31;5;40;100m@[0;32;40mt[0;34;40mt[0;31;40mS[0;1;30;90;40mS[0;32;40mt[0;31;40mS[0;31;5;40;100m8[0;1;37;97;47m:[0;37;5;47;107m%@8SX[0m
[0;37;5;47;107mXt[0;1;30;90;47mS[0;33;5;40;100m%[0;1;37;97;47m:[0;37;5;47;107m888[0;1;37;97;47m;[0;37;5;40;100m@[0;31;40mX[0;1;30;90;40m8@@@X[0;31;40mS[0;1;30;90;40m@[0;34;40m%[0;1;30;90;40m@X[0;32;40mt[0;1;30;90;40m@X[0;32;40mt[0;34;40m%[0;1;30;90;40m@[0;31;40mt[0;1;30;90;40m@[0;34;40m%[0;1;30;90;40mX[0;31;40m8[0;35;5;40;100mX[0;37;5;41;101m8[0;33;47m8[0;31;5;40;100mX8@[0;32;40m;[0;31;40mt[0;1;30;90;40m@8[0;34;40m%[0;31;40mS[0;33;5;40;100mt[0;37;5;47;107mSXXSX[0m
[0;37;5;47;107mXt[0;33;5;40;100m::[0;37;5;47;107m88XX8[0;1;37;97;47m:[0;1;30;90;47mt[0;31;40mX[0;1;30;90;40mXS[0;31;40m%[0;1;30;90;40m@[0;34;40mS[0;1;30;90;40mXS[0;32;40mt[0;1;30;90;40m@[0;34;40m%[0;31;40mS[0;1;30;90;40mXSSS[0;34;40m%[0;1;30;90;40mXX[0;31;40m;[0;34;40m;[0;31;40m%[0;1;30;90;41m8@[0;33;5;40;100m8[0;31;40m8[0;1;30;90;40mS[0;31;40mt[0;34;40mt[0;31;40m;[0;1;30;90;40mS[0;31;40mS[0;1;30;90;40mX[0;31;40m8[0;33;5;40;100m%[0;1;37;97;47m@[0;37;5;47;107mXXS[0m
[0;37;5;47;107mX;[0;1;30;90;43m8[0;35;47m8[0;37;5;47;107m888S88[0;1;37;97;47m;[0;1;30;90;40m@[0;31;40mt[0;1;30;90;40m@[0;34;40mS[0;1;30;90;40mX[0;32;40m%[0;34;40m%[0;1;30;90;40m@[0;34;40m%[0;31;40mS[0;1;30;90;40m@[0;34;40mt[0;32;40m%[0;1;30;90;40m@[0;34;40mt[0;1;30;90;40m@[0;32;40m%[0;1;30;90;40mX[0;34;40mt[0;1;30;90;40m@[0;32;40m;:.[0;33;5;40;100m8[0;1;31;91;43m8[0;33;5;40;100mX[0;31;40mS[0;34;40m%[0;30;5;40;100m@[0;1;30;90;43m88[0;1;30;90;41m8[0;32;40m;[0;1;30;90;40m@[0;31;40m8[0;33;5;40;100mX[0;1;37;97;47m;[0;37;5;47;107mXX[0m
[0;37;5;47;107mXt[0;1;30;90;47m8[0;1;30;90;43m8[0;37;5;47;107m88@8[0;1;37;97;47m%[0;37;5;47;107m8[0;1;37;97;47m [0;31;5;40;100m8[0;32;40mt[0;1;30;90;40m@@@8X[0;31;40mt[0;1;30;90;40m@[0;32;40m%[0;34;40m%[0;1;30;90;40m8X[0;31;40mt[0;1;30;90;40m@[0;34;40m%[0;1;30;90;40mX[0;31;40m%[0;1;30;90;40mS[0;31;40m:[0;34;40m;[0;31;40m:[0;31;5;40;100mX[0;1;31;91;43m8[0;1;33;93;43m:[0;37;43m@[0;1;33;93;43m.[0;37;5;43;103m@[0;1;31;91;43m8[0;37;5;43;103m8[0;1;31;91;5;43;103m8[0;33;47m8[0;31;43m8[0;31;40m8[0;1;30;90;40m@[0;30;41m8[0;33;5;40;100mS[0;1;37;97;47mS[0;37;5;47;107mS[0m
[0;37;5;47;107mX%[0;1;30;90;47m8[0;31;5;40;100mX[0;1;37;97;47m [0;1;33;93;47mS[0;1;37;97;47m  [0;33;47mX[0;31;5;40;100mS[0;30;41m8[0;1;30;90;40m88888X[0;31;40mt[0;34;40mS[0;1;30;90;40mSXS[0;31;40mt[0;1;30;90;40m@[0;34;40mS[0;1;30;90;40m@X[0;31;40mt[0;30;5;40;100m8[0;1;30;90;40m8[0;31;5;40;100mS[0;1;30;90;43mt[0;33;47m8[0;33;5;43;103m;[0;33;47m8[0;1;31;91;5;43;103m8[0;37;5;43;103m8[0;1;33;93;5;41;101m8[0;1;33;93;47m8[0;37;5;43;103m8[0;1;33;93;5;41;101m8[0;37;5;43;103m8[0;1;31;91;5;43;103m8[0;33;47m8[0;1;31;91;43m8[0;31;5;40;100mS[0;31;40mtX[0;33;5;40;100m8[0;37;5;47;107m8[0m
[0;37;5;47;107mX%[0;1;37;97;47mS[0;33;41m%[0;31;40m8[0;30;41m8[0;35;5;40;100m;[0;33;5;40;100m;[0;31;40m8S[0;1;30;90;40mXX8@8X[0;31;40m%[0;1;30;90;40m@[0;32;40m%[0;1;30;90;40mX[0;34;40mt[0;1;30;90;40m@[0;34;40m%[0;1;30;90;40m@[0;32;40mS[0;1;30;90;40m@S[0;34;40mt[0;33;5;40;100mS[0;1;31;91;43m8[0;33;5;43;103m;[0;33;5;41;101m;[0;37;5;43;103m@[0;33;5;41;101m.[0;37;5;43;103m@[0;1;33;93;5;41;101m8[0;1;33;93;47m8[0;1;31;91;5;43;103m8[0;1;33;93;5;41;101m8[0;1;31;91;5;43;103m8[0;1;33;93;47m8[0;33;5;41;101m [0;37;5;43;103mX[0;33;5;41;101m [0;37;5;43;103m@[0;1;30;90;43m@[0;31;40m8t[0;33;5;40;100mt[0;1;37;97;47mX[0m
[0;37;5;47;107mXXX[0;33;5;40;100m:[0;30;41m8[0;37;5;40;100m8[0;37;5;47;107m88[0;1;30;90;47m8[0;30;5;40;100m88[0;31;40mS[0;30;5;40;100m88[0;31;5;40;100m8[0;34;40mt[0;32;40m%[0;34;40m%[0;1;30;90;40mX[0;31;40m%[0;1;30;90;40m@[0;32;40m%[0;1;30;90;40m@S@[0;31;40m%[0;34;40m%[0;33;5;40;100m8[0;33;5;43;103m.[0;1;31;91;47m8[0;1;33;93;43m;[0;37;5;43;103m8@@[0;1;33;93;5;41;101m8[0;37;5;43;103m8[0;1;31;91;5;43;103m8[0;1;33;93;47m@[0;37;5;43;103m@[0;33;5;41;101m [0;33;5;43;103m::[0;33;5;41;101m:[0;37;5;43;103m@[0;1;31;91;43m8[0;37;5;43;103mX[0;37;5;40;100m%[0;1;37;97;47m [0;37;5;47;107m88[0m
[0;37;5;47;107mX@%[0;1;37;97;47m%[0;33;5;40;100m@[0;1;30;90;41m8[0;1;30;90;47mt[0;37;5;47;107m88@@[0;1;37;97;47m8%.8X[0;35;5;40;100m.[0;31;40m%[0;1;30;90;40m@[0;34;40m%[0;1;30;90;40m@X[0;31;40m%[0;1;30;90;40mX[0;34;40m%[0;1;30;90;40mX[0;31;5;40;100m8[0;1;30;90;43m8[0;37;5;43;103m@[0;1;33;93;5;41;101m8[0;37;5;43;103m8[0;33;5;41;101m [0;37;5;43;103mX[0;33;5;41;101m [0;37;5;43;103m8@8[0;1;33;93;5;41;101m8[0;37;5;43;103m8@[0;33;5;41;101m;[0;37;5;43;103m8[0;1;33;93;43mt[0;33;5;41;101m.[0;37;5;43;103m@[0;1;37;97;47m [0;37;5;47;107m8888[0m
[0;37;5;47;107m@XXS[0;1;30;90;47m8[0;1;30;90;41m8@[0;1;30;90;47m%[0;37;5;47;107m8[0;1;37;97;47m@[0;37;5;47;107m@XS[0;1;37;97;47m8tX[0;33;5;40;100m%[0;34;40m;[0;1;30;90;40m@X[0;31;40mt[0;1;30;90;40m@[0;34;40mS[0;1;30;90;40m@@[0;32;40m:[0;1;30;90;43m8[0;37;5;43;103m@[0;1;33;93;5;41;101m8[0;1;33;93;47m8[0;37;5;43;103m@X[0;33;5;41;101m.[0;37;5;43;103mS8[0;33;5;41;101m [0;37;5;43;103m88[0;1;31;91;5;43;103m8[0;1;33;93;47m8[0;1;31;91;43m8[0;37;5;43;103mX[0;1;33;93;5;41;101m8[0;1;33;93;47m8[0;1;37;97;47m [0;37;5;47;107m@X888[0m
[0;37;5;47;107m@@@@8[0;33;5;40;100m [0;31;5;40;100m8[0;1;30;90;41m8[0;33;5;40;100m%[0;1;37;97;47m [0;37;5;47;107m8888[0;1;37;97;47mX[0;1;30;90;47m8[0;31;40mS[0;1;30;90;40mX[0;31;40mt[0;1;30;90;40m@[0;34;40mS[0;1;30;90;40m8X[0;32;40mt[0;1;30;90;40m@[0;34;40mt[0;1;31;91;43m8[0;37;5;43;103m8[0;1;33;93;5;41;101m8[0;1;31;91;5;43;103m8[0;33;5;41;101m [0;37;5;43;103m88[0;1;31;91;43m8[0;37;5;43;103m8@[0;1;31;91;5;43;103m8[0;1;33;93;47m8[0;37;5;43;103m8[0;33;5;41;101m [0;37;5;43;103mX[0;33;5;41;101m:[0;1;33;93;47m8[0;1;37;97;47m.[0;37;5;47;107mX@@888[0m
[0;37;5;47;107m888@Xt[0;1;30;90;47m [0;33;5;40;100m8[0;1;30;90;41m8@[0;33;5;40;100m [0;1;37;97;47m@X[0;37;5;47;107m8[0;1;37;97;47m;[0;1;30;90;41m8[0;32;40mt[0;1;30;90;40m@[0;34;40mS[0;1;30;90;40m@[0;32;40mS[0;1;30;90;40m@X[0;31;40m%[0;1;30;90;40mX[0;34;40m%[0;33;5;40;100m8[0;1;31;91;5;43;103m8[0;1;33;93;47m8[0;1;33;93;43m.[0;37;5;43;103m8X[0;1;33;93;5;41;101m8[0;1;33;93;47m8[0;33;5;41;101m [0;37;5;43;103m8@[0;1;33;93;5;41;101m8[0;37;5;43;103m8@[0;1;31;91;43m8[0;1;33;93;47mS[0;37;5;47;107m88888[0;1;33;93;5;47;107m8[0;37;5;47;107m88[0m
[0;1;37;97;47m8[0;37;5;47;107m8888888[0;1;30;90;47mS[0;33;5;40;100m%[0;1;30;90;41m8[0;31;5;40;100m8[0;1;30;90;47m8[0;1;30;90;43m8[0;1;30;90;41m8[0;34;40m;[0;1;30;90;40m@SX[0;31;40mt[0;1;30;90;40m@S[0;34;40m%[0;1;30;90;40m@S[0;31;40mt[0;34;40mX[0;1;30;90;43m8[0;37;5;43;103m@[0;1;33;93;5;41;101m88[0;1;33;93;47m8[0;1;31;91;5;43;103m8[0;37;5;43;103m8@[0;1;31;91;5;43;103m8[0;1;33;93;47m8[0;37;5;43;103m@[0;33;5;41;101m [0;33;47m8[0;1;37;97;47mt[0;37;5;47;107m@888888[0;1;37;97;47m;[0;37;5;47;107m8[0m
[0;1;37;97;47m888[0;37;5;47;107m8[0;1;33;93;5;47;107m8[0;37;5;47;107m88888[0;1;30;90;47m8[0;1;30;90;41mX@[0;31;40m%[0;1;30;90;40mS[0;31;40mt[0;1;30;90;40mX[0;34;40mt[0;1;30;90;40mXX[0;34;40mt[0;1;30;90;40m@X[0;32;40mt[0;1;30;90;40mXX[0;31;40m@8[0;1;30;90;43m8[0;37;5;43;103m8[0;1;33;93;5;41;101m8[0;37;5;41;101m8[0;37;5;43;103m@[0;33;5;41;101m [0;37;5;43;103m8@[0;33;5;41;101m [0;37;5;43;103m8[0;33;47m8[0;37;5;47;107m88888[0;1;33;93;5;47;107m8[0;1;37;97;47m:[0;37;5;47;107m88[0;37;5;43;103m8[0;37;5;47;107m8[0m
[0;1;37;97;47m@88X[0;37;5;47;107m888888X[0;1;37;97;47m@[0;1;30;90;47m@[0;33;5;40;100m@[0;31;40m8[0;1;30;90;40m@SX[0;32;40mt[0;1;30;90;40m@S[0;31;40m;[0;1;30;90;40mX[0;34;40m%[0;31;40m%[0;1;30;90;40m@[0;34;40mX[0;1;30;90;40m8[0;1;30;90;41m@[0;1;31;91;5;43;103m8[0;1;33;93;47m8[0;1;31;91;43m8[0;37;5;43;103m@@[0;1;31;91;5;43;103m8[0;1;33;93;47m8[0;33;5;43;103m.[0;37;45m8[0;37;5;47;107m88888[0;1;37;97;47mt[0;37;5;47;107m88[0;37;5;43;103m8[0;37;5;47;107m88[0;1;37;97;47m [0m
[0;1;37;97;47mX@@[0;1;33;93;47mS[0;37;5;47;107m8[0;1;37;97;47mt[0;1;33;93;5;47;107m8[0;37;5;47;107m88888888[0;1;37;97;47m:[0;1;30;90;47mS[0;33;5;40;100m t[0;1;30;90;40m8S[0;34;40m%[0;1;30;90;40mX[0;32;40m%[0;1;30;90;40mXX[0;30;5;40;100m8[0;31;5;40;100m8[0;35;5;40;100mS [0;1;30;90;47m8[0;1;37;97;47m  [0;1;33;93;47m8[0;1;31;91;47m8[0;1;33;93;47m@[0;1;35;95;47mS[0;37;5;47;107m8[0;1;37;97;47m@[0;37;5;47;107m8[0;37;5;43;103m8[0;37;5;47;107m8[0;1;37;97;47mt[0;1;33;93;5;47;107m8[0;1;37;97;47m [0;37;5;47;107m88[0;1;37;97;47m [0;37;5;47;107m8[0;1;37;97;47m [0m
[0;1;37;97;47mSSX[0;37;5;47;107m8[0;1;37;97;47m;[0;37;5;47;107m8[0;1;37;97;47m.[0;37;5;47;107m8[0;37;5;43;103m8[0;37;5;47;107m88888888X88[0;1;37;97;47m;[0;1;30;90;47m.SS:[0;1;37;97;47m:X8[0;37;5;47;107m@@8888888[0;1;37;97;47mS[0;37;5;47;107m8[0;1;37;97;47m%[0;37;5;47;107m8[0;1;37;97;47m:[0;37;5;47;107m8[0;1;37;97;47m [0;37;5;47;107m8[0;1;37;97;47m [0;37;5;47;107m8[0;1;33;93;47m%[0;1;37;97;47m [0;37;5;47;107m8[0m
[0;1;37;97;47m%%%[0;1;33;93;47mS[0;37;5;47;107m8[0;1;37;97;47m:[0;1;33;93;5;47;107m8[0;37;5;47;107m88[0;1;37;97;47m [0;37;5;47;107m8[0;37;5;43;103m8[0;37;5;47;107m8888888888888888[0;1;37;97;47m8[0;37;5;47;107m888888[0;1;37;97;47m.[0;37;5;47;107m8[0;37;5;43;103m8[0;37;5;47;107m8[0;1;37;97;47m;[0;37;5;47;107m8[0;37;5;43;103m8[0;37;5;47;107m88[0;1;33;93;47mS[0;37;5;47;107m8[0;1;33;93;47mS[0;37;5;47;107m8[0;1;37;97;47m  [0m
[0;1;37;97;47m;;t;[0;37;5;47;107m8[0;1;33;93;47mS[0;37;5;47;107m8[0;1;37;97;47m [0;37;5;47;107m88[0;1;37;97;47m [0;37;5;47;107m88[0;1;37;97;47m.[0;37;5;47;107m8[0;37;5;43;103m8[0;37;5;47;107m8[0;1;37;97;47m%[0;37;5;47;107m8[0;1;37;97;47mX[0;37;5;47;107m8[0;1;37;97;47m@[0;37;5;47;107m88[0;1;37;97;47mX[0;37;5;47;107m8[0;1;37;97;47mX88@[0;37;5;47;107m8[0;37;5;43;103m8[0;37;5;47;107m8[0;1;37;97;47m [0;37;5;47;107m88[0;1;37;97;47m.[0;37;5;47;107m8[0;1;37;97;47m [0;37;5;47;107m8[0;1;37;97;47m [0;37;5;47;107m8[0;1;37;97;47m        [0m
[0;1;37;97;47m::[0;1;33;93;47mS[0;1;37;97;47m    [0;37;5;47;107m8[0;1;33;93;47m@[0;1;37;97;47m [0;37;5;47;107m8[0;1;37;97;47m [0;37;5;47;107m8[0;37;5;43;103m8[0;37;5;47;107m88[0;1;37;97;47m [0;37;5;47;107m8[0;1;33;93;47m%[0;37;5;47;107m8[0;1;33;93;47mS[0;37;5;47;107m8[0;1;37;97;47mtS[0;37;5;47;107m8[0;1;33;93;47mS[0;37;5;47;107m8[0;1;33;93;47m%[0;37;5;47;107m8[0;37;5;43;103m8[0;37;5;47;107m88[0;1;37;97;47m [0;37;5;47;107m8[0;37;5;43;103m8[0;37;5;47;107m8[0;1;37;97;47m [0;37;5;47;107m8[0;37;5;43;103m8[0;1;37;97;47m [0;37;5;47;107m8[0;1;33;93;47mX[0;1;37;97;47m [0;37;5;47;107m8[0;1;33;93;47mX[0;1;37;97;47m [0;37;5;47;107m8[0;37;5;43;103m8[0;1;37;97;47m  [0m
